"date","state","state_abbr","positive","death","hospitalized","positiveIncrease","deathIncrease","hospitalIncrease"
"2020-04-14","Colorado","CO",12732,870,1493,428,29,21
"2020-04-15","Colorado","CO",13216,897,1556,484,27,63
"2020-04-16","Colorado","CO",13581,928,1636,365,31,80
"2020-04-17","Colorado","CO",14027,954,1693,446,26,57
"2020-04-18","Colorado","CO",14379,968,1755,352,14,62
"2020-04-19","Colorado","CO",14675,986,1797,296,18,42
"2020-04-20","Colorado","CO",15244,1027,1813,569,41,16
"2020-04-21","Colorado","CO",15853,1059,1880,609,32,67
"2020-04-22","Colorado","CO",16336,1080,2003,483,21,123
"2020-04-23","Colorado","CO",16808,1140,2123,472,60,120
"2020-04-24","Colorado","CO",17318,1157,2366,510,17,243
"2020-04-25","Colorado","CO",17707,1172,2366,389,15,0
"2020-04-26","Colorado","CO",18076,1185,2410,369,13,44
"2020-04-27","Colorado","CO",18602,1209,2438,526,24,28
"2020-04-28","Colorado","CO",18993,1227,2485,391,18,47
"2020-04-29","Colorado","CO",19381,1239,2610,388,12,125
"2020-04-30","Colorado","CO",19765,1251,2621,384,12,11
"2020-05-01","Colorado","CO",20228,1267,2697,463,16,76
"2020-05-02","Colorado","CO",20503,1278,2747,275,11,50
"2020-05-03","Colorado","CO",20759,1288,2793,256,10,46
"2020-05-04","Colorado","CO",21259,1309,2799,500,21,6
"2020-05-05","Colorado","CO",21740,1319,2838,481,10,39
"2020-05-06","Colorado","CO",22111,1334,2919,371,15,81
"2020-05-07","Colorado","CO",22534,1350,2986,423,16,67
"2020-05-08","Colorado","CO",22951,1364,3557,417,14,571
"2020-05-09","Colorado","CO",23190,1376,3600,239,12,43
"2020-05-10","Colorado","CO",23465,1381,3623,275,5,23
"2020-05-11","Colorado","CO",23822,1388,3689,357,7,66
"2020-05-12","Colorado","CO",24204,1414,3663,382,26,-26
"2020-05-13","Colorado","CO",24575,1426,3695,371,12,32
"2020-05-14","Colorado","CO",24927,1446,3735,352,20,40
"2020-05-15","Colorado","CO",25297,1473,3789,370,27,54
"2020-05-16","Colorado","CO",25533,1487,3842,236,14,53
"2020-05-17","Colorado","CO",25737,1495,3866,204,8,24
"2020-05-18","Colorado","CO",26084,1506,3872,347,11,6
"2020-05-19","Colorado","CO",26410,1522,3899,326,16,27
"2020-05-20","Colorado","CO",26735,1531,3955,325,9,56
"2020-05-21","Colorado","CO",27070,1536,3990,335,5,35
"2020-05-22","Colorado","CO",27369,1550,4037,299,14,47
"2020-05-23","Colorado","CO",27542,1557,4082,173,7,45
"2020-05-24","Colorado","CO",27690,1560,4105,148,3,23
"2020-05-25","Colorado","CO",27865,1564,4119,175,4,14
"2020-05-26","Colorado","CO",28128,1579,4128,263,15,9
"2020-05-27","Colorado","CO",28369,1592,4160,241,13,32
"2020-05-28","Colorado","CO",28585,1598,4196,216,6,36
"2020-05-29","Colorado","CO",28771,1605,4254,186,7,58
"2020-05-30","Colorado","CO",28891,1608,4307,120,3,53
"2020-05-31","Colorado","CO",29015,1612,4333,124,4,26
"2020-06-01","Colorado","CO",29228,1618,4347,213,6,14
"2020-06-02","Colorado","CO",29409,1624,4372,181,6,25
"2020-06-03","Colorado","CO",29611,1633,4419,202,9,47
"2020-06-04","Colorado","CO",29784,1644,4443,173,11,24
"2020-06-05","Colorado","CO",29937,1646,4460,153,2,17
"2020-06-06","Colorado","CO",30055,1649,4472,118,3,12
"2020-06-07","Colorado","CO",30190,1653,4480,135,4,8
"2020-06-08","Colorado","CO",30388,1659,4485,198,6,5
"2020-06-09","Colorado","CO",30568,1660,4859,180,1,374
"2020-06-10","Colorado","CO",30778,1665,5025,210,5,166
"2020-06-11","Colorado","CO",30958,1669,5035,180,4,10
"2020-06-12","Colorado","CO",31129,1670,5057,171,1,22
"2020-06-13","Colorado","CO",31294,1671,5234,165,1,177
"2020-06-14","Colorado","CO",31457,1673,5244,163,2,10
"2020-06-15","Colorado","CO",31732,1677,5244,275,4,0
"2020-06-16","Colorado","CO",31965,1680,5269,233,3,25
"2020-06-17","Colorado","CO",32226,1686,5272,261,6,3
"2020-06-18","Colorado","CO",32470,1689,5294,244,3,22
"2020-06-19","Colorado","CO",32688,1691,5308,218,2,14
"2020-06-20","Colorado","CO",32886,1693,5318,198,2,10
"2020-06-21","Colorado","CO",33099,1695,5323,213,2,5
"2020-06-22","Colorado","CO",33457,1699,5327,358,4,4
"2020-06-23","Colorado","CO",33802,1704,5343,345,5,16
"2020-06-24","Colorado","CO",34122,1704,5366,320,0,23
"2020-06-25","Colorado","CO",34502,1708,5375,380,4,9
"2020-06-26","Colorado","CO",34843,1711,5386,341,3,11
"2020-06-27","Colorado","CO",35133,1714,5392,290,3,6
"2020-06-28","Colorado","CO",35406,1715,5399,273,1,7
"2020-06-29","Colorado","CO",35863,1720,5401,457,5,2
"2020-06-30","Colorado","CO",36281,1724,5442,418,4,41
"2020-07-01","Colorado","CO",36806,1731,5489,525,7,47
"2020-07-02","Colorado","CO",37261,1738,5513,455,7,24
"2020-07-03","Colorado","CO",37659,1741,5527,398,3,14
"2020-07-04","Colorado","CO",37980,1746,5537,321,5,10
"2020-07-05","Colorado","CO",38397,1747,5550,417,1,13
"2020-07-06","Colorado","CO",39062,1752,5565,665,5,15
"2020-07-07","Colorado","CO",39660,1758,5591,598,6,26
"2020-07-08","Colorado","CO",40293,1766,5741,633,8,150
"2020-07-09","Colorado","CO",40852,1768,5820,559,2,79
"2020-07-10","Colorado","CO",41400,1772,5831,548,4,11
"2020-07-11","Colorado","CO",41780,1774,5864,380,2,33
"2020-07-12","Colorado","CO",42185,1775,5885,405,1,21
"2020-07-13","Colorado","CO",42771,1788,5895,586,13,10
"2020-07-14","Colorado","CO",43300,1795,5941,529,7,46
"2020-07-15","Colorado","CO",44033,1800,5963,733,5,22
"2020-07-16","Colorado","CO",44550,1807,5950,517,7,-13
"2020-07-17","Colorado","CO",45137,1814,5966,587,7,16
"2020-07-18","Colorado","CO",45566,1817,5994,429,3,28
"2020-07-19","Colorado","CO",45976,1821,6019,410,4,25
"2020-07-20","Colorado","CO",46619,1827,6032,643,6,13
"2020-07-21","Colorado","CO",47202,1840,6057,583,13,25
"2020-07-22","Colorado","CO",47743,1844,6110,541,4,53
"2020-07-23","Colorado","CO",48250,1844,6133,507,0,23
"2020-07-24","Colorado","CO",48713,1849,6149,463,5,16
"2020-07-25","Colorado","CO",49067,1850,6227,354,1,78
"2020-07-26","Colorado","CO",49397,1852,6261,330,2,34
"2020-07-27","Colorado","CO",49905,1856,6268,508,4,7
"2020-07-28","Colorado","CO",50377,1859,6271,472,3,3
"2020-07-29","Colorado","CO",50788,1864,6319,411,5,48
"2020-07-30","Colorado","CO",51142,1864,6398,354,0,79
"2020-07-31","Colorado","CO",51540,1867,6413,398,3,15
"2020-08-01","Colorado","CO",51819,1869,6441,279,2,28
"2020-08-02","Colorado","CO",52051,1869,6465,232,0,24
"2020-08-03","Colorado","CO",52520,1870,6474,469,1,9
"2020-08-04","Colorado","CO",52922,1872,6487,402,2,13
"2020-08-05","Colorado","CO",53304,1878,6516,382,6,29
"2020-08-06","Colorado","CO",53626,1882,6536,322,4,20
"2020-08-07","Colorado","CO",53936,1883,6572,310,1,36
"2020-08-08","Colorado","CO",54204,1886,6582,268,3,10
"2020-08-09","Colorado","CO",54434,1887,6602,230,1,20
"2020-08-10","Colorado","CO",54841,1894,6616,407,7,14
"2020-08-11","Colorado","CO",55164,1896,6627,323,2,11
"2020-08-12","Colorado","CO",55462,1896,6679,298,0,52
"2020-08-13","Colorado","CO",55723,1899,6685,261,3,6
"2020-08-14","Colorado","CO",56001,1901,6700,278,2,15
"2020-08-15","Colorado","CO",56224,1903,6718,223,2,18
"2020-08-16","Colorado","CO",56473,1905,6727,249,2,9
"2020-08-17","Colorado","CO",56818,1910,6735,345,5,8
"2020-08-18","Colorado","CO",57167,1912,6739,349,2,4
"2020-08-19","Colorado","CO",57462,1914,6781,295,2,42
"2020-08-20","Colorado","CO",57790,1919,6784,328,5,3
"2020-08-21","Colorado","CO",58107,1925,6797,317,6,13
"2020-08-22","Colorado","CO",58355,1927,6808,248,2,11
"2020-08-23","Colorado","CO",58598,1931,6831,243,4,23
"2020-08-24","Colorado","CO",58965,1939,6841,367,8,10
"2020-08-25","Colorado","CO",59305,1947,6845,340,8,4
"2020-08-26","Colorado","CO",59609,1950,6894,304,3,49
"2020-08-27","Colorado","CO",59871,1955,6902,262,5,8
"2020-08-28","Colorado","CO",60145,1960,NA,274,5,NA
"2020-08-29","Colorado","CO",60357,1963,NA,212,3,NA
"2020-08-30","Colorado","CO",60568,1963,NA,211,0,NA
"2020-08-31","Colorado","CO",60938,1965,NA,370,2,NA
"2020-09-01","Colorado","CO",61276,1968,NA,338,3,NA
"2020-09-02","Colorado","CO",61666,1976,NA,390,8,NA
"2020-09-03","Colorado","CO",61989,1979,NA,323,3,NA
"2020-09-04","Colorado","CO",62308,1981,NA,319,2,NA
"2020-09-05","Colorado","CO",62595,1987,NA,287,6,NA
"2020-09-06","Colorado","CO",62829,1987,NA,234,0,NA
"2020-09-07","Colorado","CO",63180,1992,NA,351,5,NA
"2020-09-08","Colorado","CO",63719,2002,NA,539,10,NA
"2020-09-09","Colorado","CO",64154,2005,NA,435,3,NA
"2020-09-10","Colorado","CO",64599,2008,NA,445,3,NA
"2020-09-11","Colorado","CO",65103,2014,NA,504,6,NA
"2020-09-12","Colorado","CO",65512,2015,NA,409,1,NA
"2020-09-13","Colorado","CO",65935,2016,NA,423,1,NA
"2020-09-14","Colorado","CO",66660,2019,NA,725,3,NA
"2020-09-15","Colorado","CO",67314,2022,NA,654,3,NA
"2020-09-16","Colorado","CO",67962,2025,NA,648,3,NA
"2020-09-17","Colorado","CO",68543,2030,NA,581,5,NA
"2020-09-18","Colorado","CO",69173,2035,NA,630,5,NA
"2020-09-19","Colorado","CO",69619,2042,NA,446,7,NA
"2020-09-20","Colorado","CO",70093,2044,NA,474,2,NA
"2020-09-21","Colorado","CO",70873,2049,NA,780,5,NA
"2020-09-22","Colorado","CO",71544,2053,NA,671,4,NA
"2020-09-23","Colorado","CO",72259,2062,NA,715,9,NA
"2020-09-24","Colorado","CO",72871,2066,NA,612,4,NA
"2020-09-25","Colorado","CO",73461,2073,NA,590,7,NA
"2020-09-26","Colorado","CO",73943,2077,NA,482,4,NA
"2020-09-27","Colorado","CO",74423,2080,NA,480,3,NA
"2020-09-28","Colorado","CO",75172,2089,NA,749,9,NA
"2020-09-29","Colorado","CO",75942,2092,NA,770,3,NA
"2020-09-30","Colorado","CO",76720,2095,NA,778,3,NA
"2020-10-01","Colorado","CO",77513,2099,NA,793,4,NA
"2020-10-02","Colorado","CO",78273,2105,NA,760,6,NA
"2020-10-03","Colorado","CO",78963,2111,NA,690,6,NA
"2020-10-04","Colorado","CO",79688,2118,NA,725,7,NA
"2020-10-05","Colorado","CO",80766,2124,NA,1078,6,NA
"2020-10-06","Colorado","CO",81831,2129,NA,1065,5,NA
"2020-10-07","Colorado","CO",82944,2138,NA,1113,9,NA
"2020-10-08","Colorado","CO",84107,2147,NA,1163,9,NA
"2020-10-09","Colorado","CO",85180,2151,NA,1073,4,NA
"2020-10-10","Colorado","CO",86011,2154,NA,831,3,NA
"2020-10-11","Colorado","CO",86751,2159,NA,740,5,NA
"2020-10-12","Colorado","CO",88221,2165,NA,1470,6,NA
"2020-10-13","Colorado","CO",89738,2171,NA,1517,6,NA
"2020-10-14","Colorado","CO",91074,2180,NA,1336,9,NA
"2020-10-15","Colorado","CO",92478,2193,NA,1404,13,NA
"2020-10-16","Colorado","CO",93888,2210,NA,1410,17,NA
"2020-10-17","Colorado","CO",94948,2219,NA,1060,9,NA
"2020-10-18","Colorado","CO",95946,2243,NA,998,24,NA
"2020-10-19","Colorado","CO",97892,2277,NA,1946,34,NA
"2020-10-20","Colorado","CO",99854,2300,NA,1962,23,NA
"2020-10-21","Colorado","CO",101720,2320,NA,1866,20,NA
"2020-10-22","Colorado","CO",103637,2349,NA,1917,29,NA
"2020-10-23","Colorado","CO",105391,2371,NA,1754,22,NA
"2020-10-24","Colorado","CO",106826,2394,NA,1435,23,NA
"2020-10-25","Colorado","CO",107872,2405,NA,1046,11,NA
"2020-10-26","Colorado","CO",110061,2449,NA,2189,44,NA
"2020-10-27","Colorado","CO",113193,2481,NA,3132,32,NA
"2020-10-28","Colorado","CO",116482,2526,NA,3289,45,NA
"2020-10-29","Colorado","CO",119684,2556,NA,3202,30,NA
"2020-10-30","Colorado","CO",122731,2581,NA,3047,25,NA
"2020-10-31","Colorado","CO",125009,2606,NA,2278,25,NA
"2020-11-01","Colorado","CO",127800,2626,NA,2791,20,NA
"2020-11-02","Colorado","CO",132236,2671,NA,4436,45,NA
"2020-11-03","Colorado","CO",136839,2723,NA,4603,52,NA
"2020-11-04","Colorado","CO",141591,2753,NA,4752,30,NA
"2020-11-05","Colorado","CO",146863,2808,NA,5272,55,NA
"2020-11-06","Colorado","CO",152269,2845,NA,5406,37,NA
"2020-11-07","Colorado","CO",155780,2875,NA,3511,30,NA
"2020-11-08","Colorado","CO",158482,2902,NA,2702,27,NA
"2020-11-09","Colorado","CO",164675,2959,NA,6193,57,NA
"2020-11-10","Colorado","CO",171268,3010,NA,6593,51,NA
"2020-11-11","Colorado","CO",177100,3066,NA,5832,56,NA
"2020-11-12","Colorado","CO",183092,3136,NA,5992,70,NA
"2020-11-13","Colorado","CO",188818,3202,NA,5726,66,NA
"2020-11-14","Colorado","CO",192591,3230,NA,3773,28,NA
"2020-11-15","Colorado","CO",195516,3271,NA,2925,41,NA
"2020-11-16","Colorado","CO",202694,3361,NA,7178,90,NA
"2020-11-17","Colorado","CO",209513,3431,NA,6819,70,NA
"2020-11-18","Colorado","CO",215561,3497,NA,6048,66,NA
"2020-11-19","Colorado","CO",221219,3562,NA,5658,65,NA
"2020-11-20","Colorado","CO",226537,3614,NA,5318,52,NA
"2020-11-21","Colorado","CO",230213,3649,NA,3676,35,NA
"2020-11-22","Colorado","CO",232728,3688,NA,2515,39,NA
"2020-11-23","Colorado","CO",239518,3766,NA,6790,78,NA
"2020-11-24","Colorado","CO",244928,3866,NA,5410,100,NA
"2020-11-25","Colorado","CO",250199,3941,NA,5271,75,NA
"2020-11-26","Colorado","CO",251688,3977,NA,1489,36,NA
"2020-11-27","Colorado","CO",256568,4069,NA,4880,92,NA
"2020-11-28","Colorado","CO",259968,4131,NA,3400,62,NA
"2020-11-29","Colorado","CO",262718,4162,NA,2750,31,NA
"2020-11-30","Colorado","CO",270659,4258,NA,7941,96,NA
"2020-12-01","Colorado","CO",276655,4338,NA,5996,80,NA
"2020-12-02","Colorado","CO",281427,4388,NA,4772,50,NA
"2020-12-03","Colorado","CO",286667,4475,NA,5240,87,NA
"2020-12-04","Colorado","CO",291569,4550,NA,4902,75,NA
"2020-12-05","Colorado","CO",294405,4586,NA,2836,36,NA
"2020-12-06","Colorado","CO",296410,4610,NA,2005,24,NA
"2020-12-07","Colorado","CO",301539,4689,NA,5129,79,NA
"2020-12-08","Colorado","CO",305809,4734,NA,4270,45,NA
"2020-12-09","Colorado","CO",309341,4787,NA,3532,53,NA
"2020-12-10","Colorado","CO",312784,4841,NA,3443,54,NA
"2020-12-11","Colorado","CO",315525,4888,NA,2741,47,NA
"2020-12-12","Colorado","CO",317533,4910,NA,2008,22,NA
"2020-12-13","Colorado","CO",319132,4935,NA,1599,25,NA
"2020-12-14","Colorado","CO",322727,4985,NA,3595,50,NA
"2020-12-15","Colorado","CO",325896,5030,NA,3169,45,NA
"2020-12-16","Colorado","CO",328676,5060,NA,2780,30,NA
"2020-12-17","Colorado","CO",331315,5100,NA,2639,40,NA
"2020-12-18","Colorado","CO",333600,5126,NA,2285,26,NA
"2020-12-19","Colorado","CO",335119,5138,NA,1519,12,NA
"2020-12-20","Colorado","CO",336393,5153,NA,1274,15,NA
"2020-12-21","Colorado","CO",339323,5191,NA,2930,38,NA
"2020-12-22","Colorado","CO",341663,5217,NA,2340,26,NA
"2020-12-23","Colorado","CO",344023,5242,NA,2360,25,NA
"2020-12-24","Colorado","CO",345643,5267,NA,1620,25,NA
"2020-12-25","Colorado","CO",346637,5282,NA,994,15,NA
"2020-12-26","Colorado","CO",348600,5293,NA,1963,11,NA
"2020-12-27","Colorado","CO",350181,5304,NA,1581,11,NA
"2020-12-28","Colorado","CO",353341,5351,NA,3160,47,NA
"2020-12-29","Colorado","CO",355786,5368,NA,2445,17,NA
"2020-12-30","Colorado","CO",358751,5397,NA,2965,29,NA
"2020-12-31","Colorado","CO",361021,5420,NA,2270,23,NA
"2021-01-01","Colorado","CO",362438,5435,NA,1417,15,NA
"2021-01-02","Colorado","CO",364645,5451,NA,2207,16,NA
"2021-01-03","Colorado","CO",366506,5464,NA,1861,13,NA
"2021-01-04","Colorado","CO",370153,5503,NA,3647,39,NA
"2021-01-05","Colorado","CO",372864,5523,NA,2711,20,NA
"2021-01-06","Colorado","CO",375570,5542,NA,2706,19,NA
"2021-01-07","Colorado","CO",377832,5570,NA,2262,28,NA
"2021-01-08","Colorado","CO",379957,5587,NA,2125,17,NA
"2021-01-09","Colorado","CO",381434,5600,NA,1477,13,NA
"2021-01-10","Colorado","CO",382724,5616,NA,1290,16,NA
"2021-01-11","Colorado","CO",385126,5641,NA,2402,25,NA
"2021-01-12","Colorado","CO",387104,5669,NA,1978,28,NA
"2021-01-13","Colorado","CO",388946,5687,NA,1842,18,NA
"2021-01-14","Colorado","CO",390732,5714,NA,1786,27,NA
"2021-01-15","Colorado","CO",392415,5734,NA,1683,20,NA
"2021-01-16","Colorado","CO",393670,5740,NA,1255,6,NA
"2021-01-17","Colorado","CO",394755,5744,NA,1085,4,NA
"2021-01-18","Colorado","CO",396402,5762,NA,1647,18,NA
"2021-01-19","Colorado","CO",398202,5774,NA,1800,12,NA
"2021-01-20","Colorado","CO",399884,5792,NA,1682,18,NA
"2021-01-21","Colorado","CO",401398,5800,NA,1514,8,NA
"2021-01-22","Colorado","CO",402891,5816,NA,1493,16,NA
"2021-01-23","Colorado","CO",403935,5823,NA,1044,7,NA
"2021-01-24","Colorado","CO",404901,5827,NA,966,4,NA
"2021-01-25","Colorado","CO",406566,5847,NA,1665,20,NA
"2021-01-26","Colorado","CO",407970,5857,NA,1404,10,NA
"2021-01-27","Colorado","CO",409401,5868,NA,1431,11,NA
"2021-01-28","Colorado","CO",410805,5875,NA,1404,7,NA
"2021-01-29","Colorado","CO",412107,5886,NA,1302,11,NA
"2021-01-30","Colorado","CO",413104,5893,NA,997,7,NA
"2021-01-31","Colorado","CO",413971,5895,NA,867,2,NA
"2021-02-01","Colorado","CO",415482,5903,NA,1511,8,NA
"2021-02-02","Colorado","CO",416872,5918,NA,1390,15,NA
"2021-02-03","Colorado","CO",418176,5927,NA,1304,9,NA
"2021-02-04","Colorado","CO",419394,5937,NA,1218,10,NA
"2021-02-05","Colorado","CO",420625,5945,NA,1231,8,NA
"2021-02-06","Colorado","CO",421521,5952,NA,896,7,NA
"2021-02-07","Colorado","CO",422335,5954,NA,814,2,NA
"2021-02-08","Colorado","CO",423688,5963,NA,1353,9,NA
"2021-02-09","Colorado","CO",424949,5972,NA,1261,9,NA
"2021-02-10","Colorado","CO",426126,5979,NA,1177,7,NA
"2021-02-11","Colorado","CO",427250,5983,NA,1124,4,NA
"2021-02-12","Colorado","CO",428343,5989,NA,1093,6,NA
"2021-02-13","Colorado","CO",429127,5991,NA,784,2,NA
"2021-02-14","Colorado","CO",429864,5994,NA,737,3,NA
"2021-02-15","Colorado","CO",431118,6002,NA,1254,8,NA
"2021-02-16","Colorado","CO",432394,6014,NA,1276,12,NA
"2021-02-17","Colorado","CO",433682,6023,NA,1288,9,NA
"2021-02-18","Colorado","CO",434600,6028,NA,918,5,NA
"2021-02-19","Colorado","CO",435600,6032,NA,1000,4,NA
"2021-02-20","Colorado","CO",436473,6036,NA,873,4,NA
"2021-02-21","Colorado","CO",437258,6038,NA,785,2,NA
"2021-02-22","Colorado","CO",438538,6049,NA,1280,11,NA
"2021-02-23","Colorado","CO",439603,6051,NA,1065,2,NA
"2021-02-24","Colorado","CO",440766,6056,NA,1163,5,NA
"2021-02-25","Colorado","CO",441690,6062,NA,924,6,NA
"2021-02-26","Colorado","CO",442738,6068,NA,1048,6,NA
"2021-02-27","Colorado","CO",443525,6072,NA,787,4,NA
"2021-02-28","Colorado","CO",444258,6074,NA,733,2,NA
"2021-03-01","Colorado","CO",445512,6078,NA,1254,4,NA
"2021-03-02","Colorado","CO",446542,6082,NA,1030,4,NA
"2021-03-03","Colorado","CO",447634,6090,NA,1092,8,NA
"2021-03-04","Colorado","CO",448528,6093,NA,894,3,NA
"2021-03-05","Colorado","CO",449488,6094,NA,960,1,NA
"2021-03-06","Colorado","CO",450316,6100,NA,828,6,NA
"2021-03-07","Colorado","CO",451100,6103,NA,784,3,NA
"2021-03-08","Colorado","CO",452387,6113,NA,1287,10,NA
"2021-03-09","Colorado","CO",453550,6116,NA,1163,3,NA
"2021-03-10","Colorado","CO",454738,6119,NA,1188,3,NA
"2021-03-11","Colorado","CO",455667,6125,NA,929,6,NA
"2021-03-12","Colorado","CO",456641,6131,NA,974,6,NA
"2021-03-13","Colorado","CO",457333,6136,NA,692,5,NA
"2021-03-14","Colorado","CO",457838,6138,NA,505,2,NA
"2021-03-15","Colorado","CO",458793,6142,NA,955,4,NA
"2021-03-16","Colorado","CO",460127,6146,NA,1334,4,NA
"2021-03-17","Colorado","CO",461365,6149,NA,1238,3,NA
"2021-03-18","Colorado","CO",462425,6156,NA,1060,7,NA
"2021-03-19","Colorado","CO",463487,6158,NA,1062,2,NA
"2021-03-20","Colorado","CO",464339,6160,NA,852,2,NA
"2021-03-21","Colorado","CO",465170,6163,NA,831,3,NA
"2021-03-22","Colorado","CO",466487,6165,NA,1317,2,NA
"2021-03-23","Colorado","CO",467763,6170,NA,1276,5,NA
"2021-03-24","Colorado","CO",469062,6174,NA,1299,4,NA
"2021-03-25","Colorado","CO",470198,6176,NA,1136,2,NA
"2021-03-26","Colorado","CO",471382,6181,NA,1184,5,NA
"2021-03-27","Colorado","CO",472409,6182,NA,1027,1,NA
"2021-03-28","Colorado","CO",473420,6186,NA,1011,4,NA
"2021-03-29","Colorado","CO",475034,6195,NA,1614,9,NA
"2021-03-30","Colorado","CO",476528,6200,NA,1494,5,NA
"2021-03-31","Colorado","CO",478174,6211,NA,1646,11,NA
"2021-04-01","Colorado","CO",479774,6217,NA,1600,6,NA
"2021-04-02","Colorado","CO",481281,6225,NA,1507,8,NA
"2021-04-03","Colorado","CO",482469,6233,NA,1188,8,NA
"2021-04-04","Colorado","CO",483633,6238,NA,1164,5,NA
"2021-04-05","Colorado","CO",485667,6244,NA,2034,6,NA
"2021-04-06","Colorado","CO",487500,6253,NA,1833,9,NA
"2021-04-07","Colorado","CO",489397,6261,NA,1897,8,NA
"2021-04-08","Colorado","CO",491062,6269,NA,1665,8,NA
"2021-04-09","Colorado","CO",492664,6272,NA,1602,3,NA
"2021-04-10","Colorado","CO",493929,6280,NA,1265,8,NA
"2021-04-11","Colorado","CO",495033,6285,NA,1104,5,NA
"2021-04-12","Colorado","CO",496994,6294,NA,1961,9,NA
"2021-04-13","Colorado","CO",498749,6304,NA,1755,10,NA
