"date","state","state_abbr","positive","death","hospitalized","positiveIncrease","deathIncrease","hospitalIncrease"
"2020-04-14","Pennsylvania","PA",25612,716,2317,1107,106,74
"2020-04-15","Pennsylvania","PA",26841,803,2395,1229,87,78
"2020-04-16","Pennsylvania","PA",28033,877,2512,1192,74,117
"2020-04-17","Pennsylvania","PA",29855,960,2603,1822,83,91
"2020-04-18","Pennsylvania","PA",31671,1081,2613,1816,121,10
"2020-04-19","Pennsylvania","PA",32938,1320,2634,1267,239,21
"2020-04-20","Pennsylvania","PA",33833,1397,2701,895,77,67
"2020-04-21","Pennsylvania","PA",35077,1651,2743,1244,254,42
"2020-04-22","Pennsylvania","PA",36420,1715,2764,1343,64,21
"2020-04-23","Pennsylvania","PA",38274,1771,2750,1854,56,-14
"2020-04-24","Pennsylvania","PA",39915,1792,2746,1641,21,-4
"2020-04-25","Pennsylvania","PA",41460,1845,2748,1545,53,2
"2020-04-26","Pennsylvania","PA",42784,1873,2736,1324,28,-12
"2020-04-27","Pennsylvania","PA",43695,1954,2800,911,81,64
"2020-04-28","Pennsylvania","PA",45199,2116,NA,1504,162,NA
"2020-04-29","Pennsylvania","PA",46372,2432,NA,1173,316,NA
"2020-04-30","Pennsylvania","PA",47953,2529,NA,1581,97,NA
"2020-05-01","Pennsylvania","PA",49646,2694,NA,1693,165,NA
"2020-05-02","Pennsylvania","PA",50995,2753,NA,1349,59,NA
"2020-05-03","Pennsylvania","PA",52044,2785,NA,1049,32,NA
"2020-05-04","Pennsylvania","PA",52999,2912,NA,955,127,NA
"2020-05-05","Pennsylvania","PA",53878,3227,NA,879,315,NA
"2020-05-06","Pennsylvania","PA",54846,3388,NA,968,161,NA
"2020-05-07","Pennsylvania","PA",55948,3628,NA,1102,240,NA
"2020-05-08","Pennsylvania","PA",57369,3750,NA,1421,122,NA
"2020-05-09","Pennsylvania","PA",58462,3809,NA,1093,59,NA
"2020-05-10","Pennsylvania","PA",59877,3845,NA,1415,36,NA
"2020-05-11","Pennsylvania","PA",60469,3873,NA,592,28,NA
"2020-05-12","Pennsylvania","PA",61257,3954,NA,788,81,NA
"2020-05-13","Pennsylvania","PA",62018,4130,NA,761,176,NA
"2020-05-14","Pennsylvania","PA",62934,4311,NA,916,181,NA
"2020-05-15","Pennsylvania","PA",63943,4444,NA,1009,133,NA
"2020-05-16","Pennsylvania","PA",65044,4505,NA,1101,61,NA
"2020-05-17","Pennsylvania","PA",65743,4523,NA,699,18,NA
"2020-05-18","Pennsylvania","PA",66521,4538,NA,778,15,NA
"2020-05-19","Pennsylvania","PA",67086,4654,NA,565,116,NA
"2020-05-20","Pennsylvania","PA",67855,4795,NA,769,141,NA
"2020-05-21","Pennsylvania","PA",68828,4896,NA,973,101,NA
"2020-05-22","Pennsylvania","PA",69795,5040,NA,967,144,NA
"2020-05-23","Pennsylvania","PA",70559,5140,NA,764,100,NA
"2020-05-24","Pennsylvania","PA",71266,5165,NA,707,25,NA
"2020-05-25","Pennsylvania","PA",71827,5180,NA,561,15,NA
"2020-05-26","Pennsylvania","PA",72295,5198,NA,468,18,NA
"2020-05-27","Pennsylvania","PA",72992,5294,NA,697,96,NA
"2020-05-28","Pennsylvania","PA",73677,5394,NA,685,100,NA
"2020-05-29","Pennsylvania","PA",74392,5481,NA,715,87,NA
"2020-05-30","Pennsylvania","PA",75115,5554,NA,723,73,NA
"2020-05-31","Pennsylvania","PA",75663,5573,NA,548,19,NA
"2020-06-01","Pennsylvania","PA",76045,5587,NA,382,14,NA
"2020-06-02","Pennsylvania","PA",76590,5686,NA,545,99,NA
"2020-06-03","Pennsylvania","PA",77133,5759,NA,543,73,NA
"2020-06-04","Pennsylvania","PA",77677,5842,NA,544,83,NA
"2020-06-05","Pennsylvania","PA",78149,5907,NA,472,65,NA
"2020-06-06","Pennsylvania","PA",78885,5940,NA,736,33,NA
"2020-06-07","Pennsylvania","PA",79314,5953,NA,429,13,NA
"2020-06-08","Pennsylvania","PA",79661,5964,NA,347,11,NA
"2020-06-09","Pennsylvania","PA",80165,6020,NA,504,56,NA
"2020-06-10","Pennsylvania","PA",80594,6070,NA,429,50,NA
"2020-06-11","Pennsylvania","PA",81139,6122,NA,545,52,NA
"2020-06-12","Pennsylvania","PA",81777,6170,NA,638,48,NA
"2020-06-13","Pennsylvania","PA",82222,6221,NA,445,51,NA
"2020-06-14","Pennsylvania","PA",82563,6228,NA,341,7,NA
"2020-06-15","Pennsylvania","PA",82896,6256,NA,333,28,NA
"2020-06-16","Pennsylvania","PA",83220,6287,NA,324,31,NA
"2020-06-17","Pennsylvania","PA",83588,6330,NA,368,43,NA
"2020-06-18","Pennsylvania","PA",84030,6371,NA,442,41,NA
"2020-06-19","Pennsylvania","PA",84540,6408,NA,510,37,NA
"2020-06-20","Pennsylvania","PA",85020,6427,NA,480,19,NA
"2020-06-21","Pennsylvania","PA",85489,6432,NA,469,5,NA
"2020-06-22","Pennsylvania","PA",85939,6436,NA,450,4,NA
"2020-06-23","Pennsylvania","PA",86524,6475,NA,585,39,NA
"2020-06-24","Pennsylvania","PA",87022,6528,NA,498,53,NA
"2020-06-25","Pennsylvania","PA",87595,6567,NA,573,39,NA
"2020-06-26","Pennsylvania","PA",88211,6588,NA,616,21,NA
"2020-06-27","Pennsylvania","PA",88822,6612,NA,611,24,NA
"2020-06-28","Pennsylvania","PA",89309,6616,NA,487,4,NA
"2020-06-29","Pennsylvania","PA",89867,6625,NA,558,9,NA
"2020-06-30","Pennsylvania","PA",90473,6662,NA,606,37,NA
"2020-07-01","Pennsylvania","PA",91110,6695,NA,637,33,NA
"2020-07-02","Pennsylvania","PA",91928,6720,NA,818,25,NA
"2020-07-03","Pennsylvania","PA",92700,6753,NA,772,33,NA
"2020-07-04","Pennsylvania","PA",93365,6756,NA,665,3,NA
"2020-07-05","Pennsylvania","PA",93924,6760,NA,559,4,NA
"2020-07-06","Pennsylvania","PA",94439,6762,NA,515,2,NA
"2020-07-07","Pennsylvania","PA",95242,6794,NA,803,32,NA
"2020-07-08","Pennsylvania","PA",96143,6817,NA,901,23,NA
"2020-07-09","Pennsylvania","PA",96891,6853,NA,748,36,NA
"2020-07-10","Pennsylvania","PA",97807,6884,NA,916,31,NA
"2020-07-11","Pennsylvania","PA",98634,6902,NA,827,18,NA
"2020-07-12","Pennsylvania","PA",99294,6909,NA,660,7,NA
"2020-07-13","Pennsylvania","PA",99697,6919,NA,403,10,NA
"2020-07-14","Pennsylvania","PA",100611,6940,NA,914,21,NA
"2020-07-15","Pennsylvania","PA",101599,6965,NA,988,25,NA
"2020-07-16","Pennsylvania","PA",102429,6991,NA,830,26,NA
"2020-07-17","Pennsylvania","PA",103466,7012,NA,1037,21,NA
"2020-07-18","Pennsylvania","PA",104257,7024,NA,791,12,NA
"2020-07-19","Pennsylvania","PA",105029,7033,NA,772,9,NA
"2020-07-20","Pennsylvania","PA",105769,7036,NA,740,3,NA
"2020-07-21","Pennsylvania","PA",106798,7056,NA,1029,20,NA
"2020-07-22","Pennsylvania","PA",107576,7082,NA,778,26,NA
"2020-07-23","Pennsylvania","PA",108477,7098,NA,901,16,NA
"2020-07-24","Pennsylvania","PA",109668,7120,NA,1191,22,NA
"2020-07-25","Pennsylvania","PA",110771,7129,NA,1103,9,NA
"2020-07-26","Pennsylvania","PA",111589,7132,NA,818,3,NA
"2020-07-27","Pennsylvania","PA",112357,7137,NA,768,5,NA
"2020-07-28","Pennsylvania","PA",113447,7161,NA,1090,24,NA
"2020-07-29","Pennsylvania","PA",114232,7175,NA,785,14,NA
"2020-07-30","Pennsylvania","PA",115145,7198,NA,913,23,NA
"2020-07-31","Pennsylvania","PA",116152,7209,NA,1007,11,NA
"2020-08-01","Pennsylvania","PA",117045,7221,NA,893,12,NA
"2020-08-02","Pennsylvania","PA",117705,7225,NA,660,4,NA
"2020-08-03","Pennsylvania","PA",118282,7227,NA,577,2,NA
"2020-08-04","Pennsylvania","PA",119119,7251,NA,837,24,NA
"2020-08-05","Pennsylvania","PA",119842,7258,NA,723,7,NA
"2020-08-06","Pennsylvania","PA",120652,7287,NA,810,29,NA
"2020-08-07","Pennsylvania","PA",121418,7301,NA,766,14,NA
"2020-08-08","Pennsylvania","PA",122238,7315,NA,820,14,NA
"2020-08-09","Pennsylvania","PA",123016,7316,NA,778,1,NA
"2020-08-10","Pennsylvania","PA",123636,7319,NA,620,3,NA
"2020-08-11","Pennsylvania","PA",124454,7348,NA,818,29,NA
"2020-08-12","Pennsylvania","PA",125342,7384,NA,888,36,NA
"2020-08-13","Pennsylvania","PA",126372,7400,NA,1030,16,NA
"2020-08-14","Pennsylvania","PA",127215,7439,NA,843,39,NA
"2020-08-15","Pennsylvania","PA",128062,7456,NA,847,17,NA
"2020-08-16","Pennsylvania","PA",128746,7459,NA,684,3,NA
"2020-08-17","Pennsylvania","PA",129187,7459,NA,441,0,NA
"2020-08-18","Pennsylvania","PA",129839,7481,NA,652,22,NA
"2020-08-19","Pennsylvania","PA",130449,7514,NA,610,33,NA
"2020-08-20","Pennsylvania","PA",131225,7527,NA,776,13,NA
"2020-08-21","Pennsylvania","PA",131963,7544,NA,738,17,NA
"2020-08-22","Pennsylvania","PA",132763,7562,NA,800,18,NA
"2020-08-23","Pennsylvania","PA",133363,7564,NA,600,2,NA
"2020-08-24","Pennsylvania","PA",133787,7566,NA,424,2,NA
"2020-08-25","Pennsylvania","PA",134381,7590,NA,594,24,NA
"2020-08-26","Pennsylvania","PA",134889,7619,NA,508,29,NA
"2020-08-27","Pennsylvania","PA",135528,7627,NA,639,8,NA
"2020-08-28","Pennsylvania","PA",136379,7647,NA,851,20,NA
"2020-08-29","Pennsylvania","PA",137211,7661,NA,832,14,NA
"2020-08-30","Pennsylvania","PA",137900,7663,NA,689,2,NA
"2020-08-31","Pennsylvania","PA",138426,7663,NA,526,0,NA
"2020-09-01","Pennsylvania","PA",139258,7682,NA,832,19,NA
"2020-09-02","Pennsylvania","PA",140160,7708,NA,902,26,NA
"2020-09-03","Pennsylvania","PA",141242,7727,NA,1082,19,NA
"2020-09-04","Pennsylvania","PA",142157,7737,NA,915,10,NA
"2020-09-05","Pennsylvania","PA",143124,7752,NA,967,15,NA
"2020-09-06","Pennsylvania","PA",143778,7752,NA,654,0,NA
"2020-09-07","Pennsylvania","PA",144376,7773,NA,598,21,NA
"2020-09-08","Pennsylvania","PA",144865,7781,NA,489,8,NA
"2020-09-09","Pennsylvania","PA",145863,7795,NA,998,14,NA
"2020-09-10","Pennsylvania","PA",146459,7808,NA,596,13,NA
"2020-09-11","Pennsylvania","PA",147483,7831,NA,1024,23,NA
"2020-09-12","Pennsylvania","PA",148442,7831,NA,959,0,NA
"2020-09-13","Pennsylvania","PA",149094,7832,NA,652,1,NA
"2020-09-14","Pennsylvania","PA",149786,7859,NA,692,27,NA
"2020-09-15","Pennsylvania","PA",150877,7865,NA,1091,6,NA
"2020-09-16","Pennsylvania","PA",151642,7887,NA,765,22,NA
"2020-09-17","Pennsylvania","PA",152587,7898,NA,945,11,NA
"2020-09-18","Pennsylvania","PA",153400,7924,NA,813,26,NA
"2020-09-19","Pennsylvania","PA",154310,7945,NA,910,21,NA
"2020-09-20","Pennsylvania","PA",154989,7966,NA,679,21,NA
"2020-09-21","Pennsylvania","PA",155563,7989,NA,574,23,NA
"2020-09-22","Pennsylvania","PA",156419,8007,NA,856,18,NA
"2020-09-23","Pennsylvania","PA",157209,8042,NA,790,35,NA
"2020-09-24","Pennsylvania","PA",158133,8059,NA,924,17,NA
"2020-09-25","Pennsylvania","PA",159144,8070,NA,1011,11,NA
"2020-09-26","Pennsylvania","PA",160067,8088,NA,923,18,NA
"2020-09-27","Pennsylvania","PA",160976,8091,NA,909,3,NA
"2020-09-28","Pennsylvania","PA",161650,8093,NA,674,2,NA
"2020-09-29","Pennsylvania","PA",163055,8106,NA,1405,13,NA
"2020-09-30","Pennsylvania","PA",163938,8133,NA,883,27,NA
"2020-10-01","Pennsylvania","PA",164974,8148,NA,1036,15,NA
"2020-10-02","Pennsylvania","PA",166119,8167,NA,1145,19,NA
"2020-10-03","Pennsylvania","PA",167322,8185,NA,1203,18,NA
"2020-10-04","Pennsylvania","PA",168302,8200,NA,980,15,NA
"2020-10-05","Pennsylvania","PA",169091,8212,NA,789,12,NA
"2020-10-06","Pennsylvania","PA",170060,8228,NA,969,16,NA
"2020-10-07","Pennsylvania","PA",171428,8251,NA,1368,23,NA
"2020-10-08","Pennsylvania","PA",172720,8272,NA,1292,21,NA
"2020-10-09","Pennsylvania","PA",174145,8293,NA,1425,21,NA
"2020-10-10","Pennsylvania","PA",175886,8326,NA,1741,33,NA
"2020-10-11","Pennsylvania","PA",177057,8332,NA,1171,6,NA
"2020-10-12","Pennsylvania","PA",178156,8350,NA,1099,18,NA
"2020-10-13","Pennsylvania","PA",179469,8364,NA,1313,14,NA
"2020-10-14","Pennsylvania","PA",180756,8393,NA,1287,29,NA
"2020-10-15","Pennsylvania","PA",182330,8416,NA,1574,23,NA
"2020-10-16","Pennsylvania","PA",183981,8438,NA,1651,22,NA
"2020-10-17","Pennsylvania","PA",185878,8447,NA,1897,9,NA
"2020-10-18","Pennsylvania","PA",187159,8470,NA,1281,23,NA
"2020-10-19","Pennsylvania","PA",188391,8480,NA,1232,10,NA
"2020-10-20","Pennsylvania","PA",189930,8521,NA,1539,41,NA
"2020-10-21","Pennsylvania","PA",191446,8549,NA,1516,28,NA
"2020-10-22","Pennsylvania","PA",193517,8577,NA,2071,28,NA
"2020-10-23","Pennsylvania","PA",195686,8609,NA,2169,32,NA
"2020-10-24","Pennsylvania","PA",197848,8637,NA,2162,28,NA
"2020-10-25","Pennsylvania","PA",199598,8648,NA,1750,11,NA
"2020-10-26","Pennsylvania","PA",201265,8660,NA,1667,12,NA
"2020-10-27","Pennsylvania","PA",203632,8684,NA,2367,24,NA
"2020-10-28","Pennsylvania","PA",205907,8707,NA,2275,23,NA
"2020-10-29","Pennsylvania","PA",208311,8743,NA,2404,36,NA
"2020-10-30","Pennsylvania","PA",210823,8772,NA,2512,29,NA
"2020-10-31","Pennsylvania","PA",213451,8798,NA,2628,26,NA
"2020-11-01","Pennsylvania","PA",215533,8801,NA,2082,3,NA
"2020-11-02","Pennsylvania","PA",217498,8811,NA,1965,10,NA
"2020-11-03","Pennsylvania","PA",220452,8841,NA,2954,30,NA
"2020-11-04","Pennsylvania","PA",223213,8878,NA,2761,37,NA
"2020-11-05","Pennsylvania","PA",226145,8923,NA,2932,45,NA
"2020-11-06","Pennsylvania","PA",229728,8962,NA,3583,39,NA
"2020-11-07","Pennsylvania","PA",233722,8999,NA,3994,37,NA
"2020-11-08","Pennsylvania","PA",236897,9003,NA,3175,4,NA
"2020-11-09","Pennsylvania","PA",240173,9006,NA,3276,3,NA
"2020-11-10","Pennsylvania","PA",244677,9078,NA,4504,72,NA
"2020-11-11","Pennsylvania","PA",249470,9135,NA,4793,57,NA
"2020-11-12","Pennsylvania","PA",254930,9184,NA,5460,49,NA
"2020-11-13","Pennsylvania","PA",260792,9212,NA,5862,28,NA
"2020-11-14","Pennsylvania","PA",266381,9255,NA,5589,43,NA
"2020-11-15","Pennsylvania","PA",271860,9294,NA,5479,39,NA
"2020-11-16","Pennsylvania","PA",276413,9319,NA,4553,25,NA
"2020-11-17","Pennsylvania","PA",282483,9353,NA,6070,34,NA
"2020-11-18","Pennsylvania","PA",288859,9470,NA,6376,117,NA
"2020-11-19","Pennsylvania","PA",295807,9580,NA,6948,110,NA
"2020-11-20","Pennsylvania","PA",302998,9687,NA,7191,107,NA
"2020-11-21","Pennsylvania","PA",309932,9787,NA,6934,100,NA
"2020-11-22","Pennsylvania","PA",316843,9830,NA,6911,43,NA
"2020-11-23","Pennsylvania","PA",321977,9858,NA,5134,28,NA
"2020-11-24","Pennsylvania","PA",328181,9938,NA,6204,80,NA
"2020-11-25","Pennsylvania","PA",335427,10080,NA,7246,142,NA
"2020-11-26","Pennsylvania","PA",343889,10185,NA,8462,105,NA
"2020-11-27","Pennsylvania","PA",351266,10210,NA,7377,25,NA
"2020-11-28","Pennsylvania","PA",359148,10253,NA,7882,43,NA
"2020-11-29","Pennsylvania","PA",364596,10319,NA,5448,66,NA
"2020-11-30","Pennsylvania","PA",369016,10357,NA,4420,38,NA
"2020-12-01","Pennsylvania","PA",374901,10529,NA,5885,172,NA
"2020-12-02","Pennsylvania","PA",383904,10703,NA,9003,174,NA
"2020-12-03","Pennsylvania","PA",394736,10886,NA,10832,183,NA
"2020-12-04","Pennsylvania","PA",407172,11068,NA,12436,182,NA
"2020-12-05","Pennsylvania","PA",419661,11210,NA,12489,142,NA
"2020-12-06","Pennsylvania","PA",427915,11280,NA,8254,70,NA
"2020-12-07","Pennsylvania","PA",435025,11345,NA,7110,65,NA
"2020-12-08","Pennsylvania","PA",445332,11548,NA,10307,203,NA
"2020-12-09","Pennsylvania","PA",453497,11746,NA,8165,198,NA
"2020-12-10","Pennsylvania","PA",465723,11981,NA,12226,235,NA
"2020-12-11","Pennsylvania","PA",478516,12195,NA,12793,214,NA
"2020-12-12","Pennsylvania","PA",489851,12389,NA,11335,194,NA
"2020-12-13","Pennsylvania","PA",499621,12514,NA,9770,125,NA
"2020-12-14","Pennsylvania","PA",507705,12580,NA,8084,66,NA
"2020-12-15","Pennsylvania","PA",517682,12827,NA,9977,247,NA
"2020-12-16","Pennsylvania","PA",527913,13145,NA,10231,318,NA
"2020-12-17","Pennsylvania","PA",537643,13361,NA,9730,216,NA
"2020-12-18","Pennsylvania","PA",546998,13579,NA,9355,218,NA
"2020-12-19","Pennsylvania","PA",557260,13790,NA,10262,211,NA
"2020-12-20","Pennsylvania","PA",563725,13879,NA,6465,89,NA
"2020-12-21","Pennsylvania","PA",571497,13937,NA,7772,58,NA
"2020-12-22","Pennsylvania","PA",579865,14255,NA,8368,318,NA
"2020-12-23","Pennsylvania","PA",589755,14512,NA,9890,257,NA
"2020-12-24","Pennsylvania","PA",598535,14767,NA,8780,255,NA
"2020-12-25","Pennsylvania","PA",605569,14902,NA,7034,135,NA
"2020-12-26","Pennsylvania","PA",612851,14926,NA,7282,24,NA
"2020-12-27","Pennsylvania","PA",617935,15044,NA,5084,118,NA
"2020-12-28","Pennsylvania","PA",621620,15134,NA,3685,90,NA
"2020-12-29","Pennsylvania","PA",630681,15422,NA,9061,288,NA
"2020-12-30","Pennsylvania","PA",640180,15742,NA,9499,320,NA
"2020-12-31","Pennsylvania","PA",648574,16030,NA,8394,288,NA
"2021-01-01","Pennsylvania","PA",657071,16245,NA,8497,215,NA
"2021-01-02","Pennsylvania","PA",664966,16273,NA,7895,28,NA
"2021-01-03","Pennsylvania","PA",669818,16331,NA,4852,58,NA
"2021-01-04","Pennsylvania","PA",673448,16432,NA,3630,101,NA
"2021-01-05","Pennsylvania","PA",682182,16631,NA,8734,199,NA
"2021-01-06","Pennsylvania","PA",692111,16989,NA,9929,358,NA
"2021-01-07","Pennsylvania","PA",701578,17251,NA,9467,262,NA
"2021-01-08","Pennsylvania","PA",712142,17458,NA,10564,207,NA
"2021-01-09","Pennsylvania","PA",721820,17710,NA,9678,252,NA
"2021-01-10","Pennsylvania","PA",729133,17804,NA,7313,94,NA
"2021-01-11","Pennsylvania","PA",734369,17892,NA,5236,88,NA
"2021-01-12","Pennsylvania","PA",741976,18137,NA,7607,245,NA
"2021-01-13","Pennsylvania","PA",750160,18484,NA,8184,347,NA
"2021-01-14","Pennsylvania","PA",756691,18784,NA,6531,300,NA
"2021-01-15","Pennsylvania","PA",763448,19009,NA,6757,225,NA
"2021-01-16","Pennsylvania","PA",770347,19223,NA,6899,214,NA
"2021-01-17","Pennsylvania","PA",776132,19336,NA,5785,113,NA
"2021-01-18","Pennsylvania","PA",780111,19411,NA,3979,75,NA
"2021-01-19","Pennsylvania","PA",785743,19494,NA,5632,83,NA
"2021-01-20","Pennsylvania","PA",791405,19881,NA,5662,387,NA
"2021-01-21","Pennsylvania","PA",797222,20136,NA,5817,255,NA
"2021-01-22","Pennsylvania","PA",802601,20340,NA,5379,204,NA
"2021-01-23","Pennsylvania","PA",808464,20527,NA,5863,187,NA
"2021-01-24","Pennsylvania","PA",812285,20606,NA,3821,79,NA
"2021-01-25","Pennsylvania","PA",816073,20668,NA,3788,62,NA
"2021-01-26","Pennsylvania","PA",821184,20895,NA,5111,227,NA
"2021-01-27","Pennsylvania","PA",826760,21111,NA,5576,216,NA
"2021-01-28","Pennsylvania","PA",833757,21301,NA,6997,190,NA
"2021-01-29","Pennsylvania","PA",842180,21470,NA,8423,169,NA
"2021-01-30","Pennsylvania","PA",847677,21598,NA,5497,128,NA
"2021-01-31","Pennsylvania","PA",851634,21656,NA,3957,58,NA
"2021-02-01","Pennsylvania","PA",854991,21695,NA,3357,39,NA
"2021-02-02","Pennsylvania","PA",858744,21820,NA,3753,125,NA
"2021-02-03","Pennsylvania","PA",861886,21961,NA,3142,141,NA
"2021-02-04","Pennsylvania","PA",865248,22091,NA,3362,130,NA
"2021-02-05","Pennsylvania","PA",870306,22251,NA,5058,160,NA
"2021-02-06","Pennsylvania","PA",874445,22396,NA,4139,145,NA
"2021-02-07","Pennsylvania","PA",878823,22460,NA,4378,64,NA
"2021-02-08","Pennsylvania","PA",881186,22489,NA,2363,29,NA
"2021-02-09","Pennsylvania","PA",885656,22631,NA,4470,142,NA
"2021-02-10","Pennsylvania","PA",888742,22757,NA,3086,126,NA
"2021-02-11","Pennsylvania","PA",892813,22871,NA,4071,114,NA
"2021-02-12","Pennsylvania","PA",896305,22975,NA,3492,104,NA
"2021-02-13","Pennsylvania","PA",900165,23070,NA,3860,95,NA
"2021-02-14","Pennsylvania","PA",902636,23095,NA,2471,25,NA
"2021-02-15","Pennsylvania","PA",904523,23116,NA,1887,21,NA
"2021-02-16","Pennsylvania","PA",906935,23131,NA,2412,15,NA
"2021-02-17","Pennsylvania","PA",910439,23316,NA,3504,185,NA
"2021-02-18","Pennsylvania","PA",913732,23414,NA,3293,98,NA
"2021-02-19","Pennsylvania","PA",916529,23490,NA,2797,76,NA
"2021-02-20","Pennsylvania","PA",919364,23565,NA,2835,75,NA
"2021-02-21","Pennsylvania","PA",921285,23592,NA,1921,27,NA
"2021-02-22","Pennsylvania","PA",922788,23608,NA,1503,16,NA
"2021-02-23","Pennsylvania","PA",925690,23705,NA,2902,97,NA
"2021-02-24","Pennsylvania","PA",928456,23783,NA,2766,78,NA
"2021-02-25","Pennsylvania","PA",930910,23863,NA,2454,80,NA
"2021-02-26","Pennsylvania","PA",934328,23921,NA,3418,58,NA
"2021-02-27","Pennsylvania","PA",937812,23922,NA,3484,1,NA
"2021-02-28","Pennsylvania","PA",939627,23995,NA,1815,73,NA
"2021-03-01","Pennsylvania","PA",941357,24011,NA,1730,16,NA
"2021-03-02","Pennsylvania","PA",943933,24087,NA,2576,76,NA
"2021-03-03","Pennsylvania","PA",946543,24152,NA,2610,65,NA
"2021-03-04","Pennsylvania","PA",949808,24230,NA,3265,78,NA
"2021-03-05","Pennsylvania","PA",952483,24274,NA,2675,44,NA
"2021-03-06","Pennsylvania","PA",955354,24327,NA,2871,53,NA
"2021-03-07","Pennsylvania","PA",956906,24356,NA,1552,29,NA
"2021-03-08","Pennsylvania","PA",958348,24368,NA,1442,12,NA
"2021-03-09","Pennsylvania","PA",961422,24413,NA,3074,45,NA
"2021-03-10","Pennsylvania","PA",964055,24452,NA,2633,39,NA
"2021-03-11","Pennsylvania","PA",966889,24492,NA,2834,40,NA
"2021-03-12","Pennsylvania","PA",970020,24524,NA,3131,32,NA
"2021-03-13","Pennsylvania","PA",972895,24526,NA,2875,2,NA
"2021-03-14","Pennsylvania","PA",974818,24527,NA,1923,1,NA
"2021-03-15","Pennsylvania","PA",976234,24583,NA,1416,56,NA
"2021-03-16","Pennsylvania","PA",979407,24678,NA,3173,95,NA
"2021-03-17","Pennsylvania","PA",982700,24717,NA,3293,39,NA
"2021-03-18","Pennsylvania","PA",985886,24739,NA,3186,22,NA
"2021-03-19","Pennsylvania","PA",989452,24775,NA,3566,36,NA
"2021-03-20","Pennsylvania","PA",993559,24802,NA,4107,27,NA
"2021-03-21","Pennsylvania","PA",995938,24816,NA,2379,14,NA
"2021-03-22","Pennsylvania","PA",997558,24793,NA,1620,-23,NA
"2021-03-23","Pennsylvania","PA",1001113,24836,NA,3555,43,NA
"2021-03-24","Pennsylvania","PA",1006040,24872,NA,4927,36,NA
"2021-03-25","Pennsylvania","PA",1009812,24913,NA,3772,41,NA
"2021-03-26","Pennsylvania","PA",1014897,24944,NA,5085,31,NA
"2021-03-27","Pennsylvania","PA",1019010,24972,NA,4113,28,NA
"2021-03-28","Pennsylvania","PA",1022078,24984,NA,3068,12,NA
"2021-03-29","Pennsylvania","PA",1025019,25005,NA,2941,21,NA
"2021-03-30","Pennsylvania","PA",1030504,25043,NA,5485,38,NA
"2021-03-31","Pennsylvania","PA",1035020,25089,NA,4516,46,NA
"2021-04-01","Pennsylvania","PA",1038949,25124,NA,3929,35,NA
"2021-04-02","Pennsylvania","PA",1043932,25148,NA,4983,24,NA
"2021-04-03","Pennsylvania","PA",1049425,25180,NA,5493,32,NA
"2021-04-04","Pennsylvania","PA",1052683,25188,NA,3258,8,NA
"2021-04-05","Pennsylvania","PA",1055369,25195,NA,2686,7,NA
"2021-04-06","Pennsylvania","PA",1060445,25233,NA,5076,38,NA
"2021-04-07","Pennsylvania","PA",1065047,25284,NA,4602,51,NA
"2021-04-08","Pennsylvania","PA",1069605,25327,NA,4558,43,NA
"2021-04-09","Pennsylvania","PA",1074874,25372,NA,5269,45,NA
"2021-04-10","Pennsylvania","PA",1079663,25405,NA,4789,33,NA
"2021-04-11","Pennsylvania","PA",1083337,25409,NA,3674,4,NA
"2021-04-12","Pennsylvania","PA",1085872,25415,NA,2535,6,NA
"2021-04-13","Pennsylvania","PA",1093029,25471,NA,7157,56,NA
