"date","state","state_abbr","positive","death","hospitalized","positiveIncrease","deathIncrease","hospitalIncrease"
"2020-04-14","South Dakota","SD",988,6,45,120,0,1
"2020-04-15","South Dakota","SD",1168,6,51,180,0,6
"2020-04-16","South Dakota","SD",1311,7,55,143,1,4
"2020-04-17","South Dakota","SD",1411,7,63,100,0,8
"2020-04-18","South Dakota","SD",1542,7,68,131,0,5
"2020-04-19","South Dakota","SD",1635,7,74,93,0,6
"2020-04-20","South Dakota","SD",1685,7,87,50,0,13
"2020-04-21","South Dakota","SD",1755,8,100,70,1,13
"2020-04-22","South Dakota","SD",1858,9,111,103,1,11
"2020-04-23","South Dakota","SD",1956,9,119,98,0,8
"2020-04-24","South Dakota","SD",2040,10,124,84,1,5
"2020-04-25","South Dakota","SD",2147,10,128,107,0,4
"2020-04-26","South Dakota","SD",2212,11,135,65,1,7
"2020-04-27","South Dakota","SD",2244,11,150,32,0,15
"2020-04-28","South Dakota","SD",2313,11,157,69,0,7
"2020-04-29","South Dakota","SD",2373,13,165,60,2,8
"2020-04-30","South Dakota","SD",2449,17,173,76,4,8
"2020-05-01","South Dakota","SD",2525,21,179,76,4,6
"2020-05-02","South Dakota","SD",2588,21,187,63,0,8
"2020-05-03","South Dakota","SD",2631,21,197,43,0,10
"2020-05-04","South Dakota","SD",2668,21,211,37,0,14
"2020-05-05","South Dakota","SD",2721,24,220,53,3,9
"2020-05-06","South Dakota","SD",2780,29,230,59,5,10
"2020-05-07","South Dakota","SD",2906,31,236,126,2,6
"2020-05-08","South Dakota","SD",3145,31,247,239,0,11
"2020-05-09","South Dakota","SD",3393,34,253,248,3,6
"2020-05-10","South Dakota","SD",3517,34,261,124,0,8
"2020-05-11","South Dakota","SD",3614,34,263,97,0,2
"2020-05-12","South Dakota","SD",3663,39,271,49,5,8
"2020-05-13","South Dakota","SD",3732,39,281,69,0,10
"2020-05-14","South Dakota","SD",3792,43,290,60,4,9
"2020-05-15","South Dakota","SD",3887,44,296,95,1,6
"2020-05-16","South Dakota","SD",3959,44,304,72,0,8
"2020-05-17","South Dakota","SD",3987,44,312,28,0,8
"2020-05-18","South Dakota","SD",4027,44,316,40,0,4
"2020-05-19","South Dakota","SD",4085,46,327,58,2,11
"2020-05-20","South Dakota","SD",4177,46,333,92,0,6
"2020-05-21","South Dakota","SD",4177,48,342,0,2,9
"2020-05-22","South Dakota","SD",4356,50,351,179,2,9
"2020-05-23","South Dakota","SD",4464,50,358,108,0,7
"2020-05-24","South Dakota","SD",4563,50,364,99,0,6
"2020-05-25","South Dakota","SD",4586,50,370,23,0,6
"2020-05-26","South Dakota","SD",4653,50,378,67,0,8
"2020-05-27","South Dakota","SD",4710,54,391,57,4,13
"2020-05-28","South Dakota","SD",4793,54,406,83,0,15
"2020-05-29","South Dakota","SD",4866,59,418,73,5,12
"2020-05-30","South Dakota","SD",4960,62,427,94,3,9
"2020-05-31","South Dakota","SD",4993,62,432,33,0,5
"2020-06-01","South Dakota","SD",5034,62,435,41,0,3
"2020-06-02","South Dakota","SD",5067,62,443,33,0,8
"2020-06-03","South Dakota","SD",5162,62,456,95,0,13
"2020-06-04","South Dakota","SD",5247,64,464,85,2,8
"2020-06-05","South Dakota","SD",5277,64,467,30,0,3
"2020-06-06","South Dakota","SD",5367,65,474,90,1,7
"2020-06-07","South Dakota","SD",5438,65,478,71,0,4
"2020-06-08","South Dakota","SD",5471,65,482,33,0,4
"2020-06-09","South Dakota","SD",5523,68,487,52,3,5
"2020-06-10","South Dakota","SD",5604,69,503,81,1,16
"2020-06-11","South Dakota","SD",5665,73,514,61,4,11
"2020-06-12","South Dakota","SD",5742,74,525,77,1,11
"2020-06-13","South Dakota","SD",5833,75,531,91,1,6
"2020-06-14","South Dakota","SD",5898,75,539,65,0,8
"2020-06-15","South Dakota","SD",5928,75,544,30,0,5
"2020-06-16","South Dakota","SD",5966,77,562,38,2,18
"2020-06-17","South Dakota","SD",6050,78,570,84,1,8
"2020-06-18","South Dakota","SD",6109,78,585,59,0,15
"2020-06-19","South Dakota","SD",6158,81,589,49,3,4
"2020-06-20","South Dakota","SD",6225,81,598,67,0,9
"2020-06-21","South Dakota","SD",6297,81,608,72,0,10
"2020-06-22","South Dakota","SD",6326,81,616,29,0,8
"2020-06-23","South Dakota","SD",6353,83,624,27,2,8
"2020-06-24","South Dakota","SD",6419,84,629,66,1,5
"2020-06-25","South Dakota","SD",6479,87,632,60,3,3
"2020-06-26","South Dakota","SD",6535,88,639,56,1,7
"2020-06-27","South Dakota","SD",6626,91,645,91,3,6
"2020-06-28","South Dakota","SD",6681,91,652,55,0,7
"2020-06-29","South Dakota","SD",6716,91,657,35,0,5
"2020-06-30","South Dakota","SD",6764,91,666,48,0,9
"2020-07-01","South Dakota","SD",6826,93,674,62,2,8
"2020-07-02","South Dakota","SD",6893,97,683,67,4,9
"2020-07-03","South Dakota","SD",6978,97,687,85,0,4
"2020-07-04","South Dakota","SD",7028,97,689,50,0,2
"2020-07-05","South Dakota","SD",7063,97,691,35,0,2
"2020-07-06","South Dakota","SD",7105,97,692,42,0,1
"2020-07-07","South Dakota","SD",7163,98,699,58,1,7
"2020-07-08","South Dakota","SD",7242,98,709,79,0,10
"2020-07-09","South Dakota","SD",7336,101,718,94,3,9
"2020-07-10","South Dakota","SD",7401,107,726,65,6,8
"2020-07-11","South Dakota","SD",7454,109,738,53,2,12
"2020-07-12","South Dakota","SD",7499,109,738,45,0,0
"2020-07-13","South Dakota","SD",7524,109,742,25,0,4
"2020-07-14","South Dakota","SD",7572,109,744,48,0,2
"2020-07-15","South Dakota","SD",7652,111,752,80,2,8
"2020-07-16","South Dakota","SD",7694,115,757,42,4,5
"2020-07-17","South Dakota","SD",7789,116,763,95,1,6
"2020-07-18","South Dakota","SD",7862,116,771,73,0,8
"2020-07-19","South Dakota","SD",7906,118,774,44,2,3
"2020-07-20","South Dakota","SD",7943,118,774,37,0,0
"2020-07-21","South Dakota","SD",8019,118,776,76,0,2
"2020-07-22","South Dakota","SD",8077,119,790,58,1,14
"2020-07-23","South Dakota","SD",8143,121,792,66,2,2
"2020-07-24","South Dakota","SD",8200,122,796,57,1,4
"2020-07-25","South Dakota","SD",8305,122,798,105,0,2
"2020-07-26","South Dakota","SD",8395,123,801,90,1,3
"2020-07-27","South Dakota","SD",8444,123,806,49,0,5
"2020-07-28","South Dakota","SD",8492,123,808,48,0,2
"2020-07-29","South Dakota","SD",8641,129,810,149,6,2
"2020-07-30","South Dakota","SD",8685,129,815,44,0,5
"2020-07-31","South Dakota","SD",8764,130,824,79,1,9
"2020-08-01","South Dakota","SD",8867,134,832,103,4,8
"2020-08-02","South Dakota","SD",8955,135,835,88,1,3
"2020-08-03","South Dakota","SD",9020,135,838,65,0,3
"2020-08-04","South Dakota","SD",9079,136,846,59,1,8
"2020-08-05","South Dakota","SD",9168,137,856,89,1,10
"2020-08-06","South Dakota","SD",9273,141,861,105,4,5
"2020-08-07","South Dakota","SD",9371,144,866,98,3,5
"2020-08-08","South Dakota","SD",9477,146,871,106,2,5
"2020-08-09","South Dakota","SD",9605,146,876,128,0,5
"2020-08-10","South Dakota","SD",9663,146,882,58,0,6
"2020-08-11","South Dakota","SD",9713,146,887,50,0,5
"2020-08-12","South Dakota","SD",9815,147,892,102,1,5
"2020-08-13","South Dakota","SD",9897,148,896,82,1,4
"2020-08-14","South Dakota","SD",10024,150,903,127,2,7
"2020-08-15","South Dakota","SD",10118,152,913,94,2,10
"2020-08-16","South Dakota","SD",10274,153,916,156,1,3
"2020-08-17","South Dakota","SD",10360,153,921,86,0,5
"2020-08-18","South Dakota","SD",10441,154,927,81,1,6
"2020-08-19","South Dakota","SD",10566,155,935,125,1,8
"2020-08-20","South Dakota","SD",10691,157,940,125,2,5
"2020-08-21","South Dakota","SD",10884,159,948,193,2,8
"2020-08-22","South Dakota","SD",11135,160,951,251,1,3
"2020-08-23","South Dakota","SD",11276,161,959,141,1,8
"2020-08-24","South Dakota","SD",11425,161,965,149,0,6
"2020-08-25","South Dakota","SD",11505,161,974,80,0,9
"2020-08-26","South Dakota","SD",11571,162,981,66,1,7
"2020-08-27","South Dakota","SD",12194,162,983,623,0,2
"2020-08-28","South Dakota","SD",12517,165,NA,323,3,NA
"2020-08-29","South Dakota","SD",12942,167,NA,425,2,NA
"2020-08-30","South Dakota","SD",13322,167,NA,380,0,NA
"2020-08-31","South Dakota","SD",13509,167,NA,187,0,NA
"2020-09-01","South Dakota","SD",13749,167,NA,240,0,NA
"2020-09-02","South Dakota","SD",14003,169,NA,254,2,NA
"2020-09-03","South Dakota","SD",14337,169,NA,334,0,NA
"2020-09-04","South Dakota","SD",14596,170,NA,259,1,NA
"2020-09-05","South Dakota","SD",14889,173,NA,293,3,NA
"2020-09-06","South Dakota","SD",15109,173,NA,220,0,NA
"2020-09-07","South Dakota","SD",15300,173,NA,191,0,NA
"2020-09-08","South Dakota","SD",15403,173,NA,103,0,NA
"2020-09-09","South Dakota","SD",15571,173,NA,168,0,NA
"2020-09-10","South Dakota","SD",15834,177,NA,263,4,NA
"2020-09-11","South Dakota","SD",16117,177,NA,283,0,NA
"2020-09-12","South Dakota","SD",16437,183,NA,320,6,NA
"2020-09-13","South Dakota","SD",16638,184,NA,201,1,NA
"2020-09-14","South Dakota","SD",16801,184,NA,163,0,NA
"2020-09-15","South Dakota","SD",16994,184,NA,193,0,NA
"2020-09-16","South Dakota","SD",17291,192,NA,297,8,NA
"2020-09-17","South Dakota","SD",17686,193,NA,395,1,NA
"2020-09-18","South Dakota","SD",18075,195,NA,389,2,NA
"2020-09-19","South Dakota","SD",18444,200,NA,369,5,NA
"2020-09-20","South Dakota","SD",18696,202,NA,252,2,NA
"2020-09-21","South Dakota","SD",18869,202,NA,173,0,NA
"2020-09-22","South Dakota","SD",19189,202,NA,320,0,NA
"2020-09-23","South Dakota","SD",19634,202,NA,445,0,NA
"2020-09-24","South Dakota","SD",20097,210,NA,463,8,NA
"2020-09-25","South Dakota","SD",20554,216,NA,457,6,NA
"2020-09-26","South Dakota","SD",21133,218,NA,579,2,NA
"2020-09-27","South Dakota","SD",21541,218,NA,408,0,NA
"2020-09-28","South Dakota","SD",21738,218,NA,197,0,NA
"2020-09-29","South Dakota","SD",21997,223,NA,259,5,NA
"2020-09-30","South Dakota","SD",22389,223,NA,392,0,NA
"2020-10-01","South Dakota","SD",23136,236,NA,747,13,NA
"2020-10-02","South Dakota","SD",23522,237,NA,386,1,NA
"2020-10-03","South Dakota","SD",23986,248,NA,464,11,NA
"2020-10-04","South Dakota","SD",24418,248,NA,432,0,NA
"2020-10-05","South Dakota","SD",24598,248,NA,180,0,NA
"2020-10-06","South Dakota","SD",24876,248,NA,278,0,NA
"2020-10-07","South Dakota","SD",25906,258,NA,1030,10,NA
"2020-10-08","South Dakota","SD",26441,272,NA,535,14,NA
"2020-10-09","South Dakota","SD",27215,277,NA,774,5,NA
"2020-10-10","South Dakota","SD",27947,286,NA,732,9,NA
"2020-10-11","South Dakota","SD",28564,286,NA,617,0,NA
"2020-10-12","South Dakota","SD",28925,288,NA,361,2,NA
"2020-10-13","South Dakota","SD",29339,288,NA,414,0,NA
"2020-10-14","South Dakota","SD",30215,291,NA,876,3,NA
"2020-10-15","South Dakota","SD",31012,304,NA,797,13,NA
"2020-10-16","South Dakota","SD",31805,307,NA,793,3,NA
"2020-10-17","South Dakota","SD",32611,315,NA,806,8,NA
"2020-10-18","South Dakota","SD",33269,323,NA,658,8,NA
"2020-10-19","South Dakota","SD",33836,323,NA,567,0,NA
"2020-10-20","South Dakota","SD",34457,330,NA,621,7,NA
"2020-10-21","South Dakota","SD",35044,333,NA,587,3,NA
"2020-10-22","South Dakota","SD",36017,347,NA,973,14,NA
"2020-10-23","South Dakota","SD",37202,356,NA,1185,9,NA
"2020-10-24","South Dakota","SD",38141,366,NA,939,10,NA
"2020-10-25","South Dakota","SD",39203,375,NA,1062,9,NA
"2020-10-26","South Dakota","SD",39741,375,NA,538,0,NA
"2020-10-27","South Dakota","SD",40730,375,NA,989,0,NA
"2020-10-28","South Dakota","SD",42000,384,NA,1270,9,NA
"2020-10-29","South Dakota","SD",43000,403,NA,1000,19,NA
"2020-10-30","South Dakota","SD",44559,415,NA,1559,12,NA
"2020-10-31","South Dakota","SD",45992,425,NA,1433,10,NA
"2020-11-01","South Dakota","SD",47324,437,NA,1332,12,NA
"2020-11-02","South Dakota","SD",47850,438,NA,526,1,NA
"2020-11-03","South Dakota","SD",48854,446,NA,1004,8,NA
"2020-11-04","South Dakota","SD",49791,460,NA,937,14,NA
"2020-11-05","South Dakota","SD",51151,482,NA,1360,22,NA
"2020-11-06","South Dakota","SD",52639,510,NA,1488,28,NA
"2020-11-07","South Dakota","SD",53976,523,NA,1337,13,NA
"2020-11-08","South Dakota","SD",55404,536,NA,1428,13,NA
"2020-11-09","South Dakota","SD",56311,537,NA,907,1,NA
"2020-11-10","South Dakota","SD",57334,540,NA,1023,3,NA
"2020-11-11","South Dakota","SD",58696,567,NA,1362,27,NA
"2020-11-12","South Dakota","SD",60716,567,NA,2020,0,NA
"2020-11-13","South Dakota","SD",62327,568,NA,1611,1,NA
"2020-11-14","South Dakota","SD",64182,621,NA,1855,53,NA
"2020-11-15","South Dakota","SD",65381,644,NA,1199,23,NA
"2020-11-16","South Dakota","SD",66278,644,NA,897,0,NA
"2020-11-17","South Dakota","SD",67284,644,NA,1006,0,NA
"2020-11-18","South Dakota","SD",68671,674,NA,1387,30,NA
"2020-11-19","South Dakota","SD",69742,705,NA,1071,31,NA
"2020-11-20","South Dakota","SD",71070,741,NA,1328,36,NA
"2020-11-21","South Dakota","SD",72214,777,NA,1144,36,NA
"2020-11-22","South Dakota","SD",73065,819,NA,851,42,NA
"2020-11-23","South Dakota","SD",73848,819,NA,783,0,NA
"2020-11-24","South Dakota","SD",74859,821,NA,1011,2,NA
"2020-11-25","South Dakota","SD",76142,849,NA,1283,28,NA
"2020-11-26","South Dakota","SD",76142,849,NA,0,0,NA
"2020-11-27","South Dakota","SD",78280,888,NA,2138,39,NA
"2020-11-28","South Dakota","SD",79099,942,NA,819,54,NA
"2020-11-29","South Dakota","SD",79900,943,NA,801,1,NA
"2020-11-30","South Dakota","SD",80464,946,NA,564,3,NA
"2020-12-01","South Dakota","SD",80912,948,NA,448,2,NA
"2020-12-02","South Dakota","SD",82203,995,NA,1291,47,NA
"2020-12-03","South Dakota","SD",83348,1033,NA,1145,38,NA
"2020-12-04","South Dakota","SD",84398,1064,NA,1050,31,NA
"2020-12-05","South Dakota","SD",85304,1091,NA,906,27,NA
"2020-12-06","South Dakota","SD",85991,1110,NA,687,19,NA
"2020-12-07","South Dakota","SD",86500,1110,NA,509,0,NA
"2020-12-08","South Dakota","SD",87038,1111,NA,538,1,NA
"2020-12-09","South Dakota","SD",88023,1147,NA,985,36,NA
"2020-12-10","South Dakota","SD",88727,1177,NA,704,30,NA
"2020-12-11","South Dakota","SD",89672,1210,NA,945,33,NA
"2020-12-12","South Dakota","SD",90407,1243,NA,735,33,NA
"2020-12-13","South Dakota","SD",91038,1259,NA,631,16,NA
"2020-12-14","South Dakota","SD",91354,1259,NA,316,0,NA
"2020-12-15","South Dakota","SD",91699,1261,NA,345,2,NA
"2020-12-16","South Dakota","SD",92603,1300,NA,904,39,NA
"2020-12-17","South Dakota","SD",93197,1301,NA,594,1,NA
"2020-12-18","South Dakota","SD",93772,1329,NA,575,28,NA
"2020-12-19","South Dakota","SD",94336,1350,NA,564,21,NA
"2020-12-20","South Dakota","SD",94727,1361,NA,391,11,NA
"2020-12-21","South Dakota","SD",95074,1381,NA,347,20,NA
"2020-12-22","South Dakota","SD",95509,1381,NA,435,0,NA
"2020-12-23","South Dakota","SD",96040,1389,NA,531,8,NA
"2020-12-24","South Dakota","SD",96546,1430,NA,506,41,NA
"2020-12-25","South Dakota","SD",96546,1430,NA,0,0,NA
"2020-12-26","South Dakota","SD",96963,1446,NA,417,16,NA
"2020-12-27","South Dakota","SD",97390,1446,NA,427,0,NA
"2020-12-28","South Dakota","SD",97657,1446,NA,267,0,NA
"2020-12-29","South Dakota","SD",98158,1446,NA,501,0,NA
"2020-12-30","South Dakota","SD",98720,1464,NA,562,18,NA
"2020-12-31","South Dakota","SD",99164,1488,NA,444,24,NA
"2021-01-01","South Dakota","SD",99164,1488,NA,0,0,NA
"2021-01-02","South Dakota","SD",99829,1501,NA,665,13,NA
"2021-01-03","South Dakota","SD",100532,1513,NA,703,12,NA
"2021-01-04","South Dakota","SD",100643,1513,NA,111,0,NA
"2021-01-05","South Dakota","SD",101076,1513,NA,433,0,NA
"2021-01-06","South Dakota","SD",101684,1519,NA,608,6,NA
"2021-01-07","South Dakota","SD",102132,1544,NA,448,25,NA
"2021-01-08","South Dakota","SD",102580,1556,NA,448,12,NA
"2021-01-09","South Dakota","SD",102901,1570,NA,321,14,NA
"2021-01-10","South Dakota","SD",103318,1585,NA,417,15,NA
"2021-01-11","South Dakota","SD",103499,1585,NA,181,0,NA
"2021-01-12","South Dakota","SD",103743,1585,NA,244,0,NA
"2021-01-13","South Dakota","SD",104195,1604,NA,452,19,NA
"2021-01-14","South Dakota","SD",104512,1614,NA,317,10,NA
"2021-01-15","South Dakota","SD",104937,1629,NA,425,15,NA
"2021-01-16","South Dakota","SD",105278,1633,NA,341,4,NA
"2021-01-17","South Dakota","SD",105544,1656,NA,266,23,NA
"2021-01-18","South Dakota","SD",105659,1667,NA,115,11,NA
"2021-01-19","South Dakota","SD",105786,1667,NA,127,0,NA
"2021-01-20","South Dakota","SD",106063,1667,NA,277,0,NA
"2021-01-21","South Dakota","SD",106400,1673,NA,337,6,NA
"2021-01-22","South Dakota","SD",106716,1684,NA,316,11,NA
"2021-01-23","South Dakota","SD",106963,1696,NA,247,12,NA
"2021-01-24","South Dakota","SD",107148,1705,NA,185,9,NA
"2021-01-25","South Dakota","SD",107180,1705,NA,32,0,NA
"2021-01-26","South Dakota","SD",107380,1705,NA,200,0,NA
"2021-01-27","South Dakota","SD",107608,1739,NA,228,34,NA
"2021-01-28","South Dakota","SD",107795,1763,NA,187,24,NA
"2021-01-29","South Dakota","SD",107955,1768,NA,160,5,NA
"2021-01-30","South Dakota","SD",108070,1775,NA,115,7,NA
"2021-01-31","South Dakota","SD",108250,1778,NA,180,3,NA
"2021-02-01","South Dakota","SD",108315,1778,NA,65,0,NA
"2021-02-02","South Dakota","SD",108431,1779,NA,116,1,NA
"2021-02-03","South Dakota","SD",108639,1782,NA,208,3,NA
"2021-02-04","South Dakota","SD",108813,1788,NA,174,6,NA
"2021-02-05","South Dakota","SD",108944,1798,NA,131,10,NA
"2021-02-06","South Dakota","SD",109132,1804,NA,188,6,NA
"2021-02-07","South Dakota","SD",109229,1809,NA,97,5,NA
"2021-02-08","South Dakota","SD",109283,1809,NA,54,0,NA
"2021-02-09","South Dakota","SD",109405,1809,NA,122,0,NA
"2021-02-10","South Dakota","SD",109580,1815,NA,175,6,NA
"2021-02-11","South Dakota","SD",109859,1829,NA,279,14,NA
"2021-02-12","South Dakota","SD",110068,1831,NA,209,2,NA
"2021-02-13","South Dakota","SD",110205,1838,NA,137,7,NA
"2021-02-14","South Dakota","SD",110315,1844,NA,110,6,NA
"2021-02-15","South Dakota","SD",110376,1844,NA,61,0,NA
"2021-02-16","South Dakota","SD",110593,1844,NA,217,0,NA
"2021-02-17","South Dakota","SD",110685,1844,NA,92,0,NA
"2021-02-18","South Dakota","SD",110871,1847,NA,186,3,NA
"2021-02-19","South Dakota","SD",111018,1853,NA,147,6,NA
"2021-02-20","South Dakota","SD",111165,1859,NA,147,6,NA
"2021-02-21","South Dakota","SD",111304,1863,NA,139,4,NA
"2021-02-22","South Dakota","SD",111334,1863,NA,30,0,NA
"2021-02-23","South Dakota","SD",111546,1863,NA,212,0,NA
"2021-02-24","South Dakota","SD",111808,1864,NA,262,1,NA
"2021-02-25","South Dakota","SD",111964,1872,NA,156,8,NA
"2021-02-26","South Dakota","SD",112107,1879,NA,143,7,NA
"2021-02-27","South Dakota","SD",112293,1886,NA,186,7,NA
"2021-02-28","South Dakota","SD",112427,1888,NA,134,2,NA
"2021-03-01","South Dakota","SD",112470,1888,NA,43,0,NA
"2021-03-02","South Dakota","SD",112652,1888,NA,182,0,NA
"2021-03-03","South Dakota","SD",112833,1893,NA,181,5,NA
"2021-03-04","South Dakota","SD",113065,1896,NA,232,3,NA
"2021-03-05","South Dakota","SD",113229,1896,NA,164,0,NA
"2021-03-06","South Dakota","SD",113378,1898,NA,149,2,NA
"2021-03-07","South Dakota","SD",113589,1900,NA,211,2,NA
"2021-03-08","South Dakota","SD",113596,1901,NA,7,1,NA
"2021-03-09","South Dakota","SD",113753,1901,NA,157,0,NA
"2021-03-10","South Dakota","SD",113962,1904,NA,209,3,NA
"2021-03-11","South Dakota","SD",114163,1905,NA,201,1,NA
"2021-03-12","South Dakota","SD",114347,1907,NA,184,2,NA
"2021-03-13","South Dakota","SD",114493,1909,NA,146,2,NA
"2021-03-14","South Dakota","SD",114623,1912,NA,130,3,NA
"2021-03-15","South Dakota","SD",114649,1912,NA,26,0,NA
"2021-03-16","South Dakota","SD",114791,1912,NA,142,0,NA
"2021-03-17","South Dakota","SD",114966,1915,NA,175,3,NA
"2021-03-18","South Dakota","SD",115203,1919,NA,237,4,NA
"2021-03-19","South Dakota","SD",115518,1919,NA,315,0,NA
"2021-03-20","South Dakota","SD",115723,1922,NA,205,3,NA
"2021-03-21","South Dakota","SD",115867,1923,NA,144,1,NA
"2021-03-22","South Dakota","SD",115972,1923,NA,105,0,NA
"2021-03-23","South Dakota","SD",116100,1923,NA,128,0,NA
"2021-03-24","South Dakota","SD",116370,1924,NA,270,1,NA
"2021-03-25","South Dakota","SD",116624,1927,NA,254,3,NA
"2021-03-26","South Dakota","SD",116833,1928,NA,209,1,NA
"2021-03-27","South Dakota","SD",117081,1933,NA,248,5,NA
"2021-03-28","South Dakota","SD",117244,1933,NA,163,0,NA
"2021-03-29","South Dakota","SD",117336,1933,NA,92,0,NA
"2021-03-30","South Dakota","SD",117495,1935,NA,159,2,NA
"2021-03-31","South Dakota","SD",117759,1935,NA,264,0,NA
"2021-04-01","South Dakota","SD",117989,1938,NA,230,3,NA
"2021-04-02","South Dakota","SD",118186,1938,NA,197,0,NA
"2021-04-03","South Dakota","SD",118361,1938,NA,175,0,NA
"2021-04-04","South Dakota","SD",118361,1938,NA,0,0,NA
"2021-04-05","South Dakota","SD",118517,1938,NA,156,0,NA
"2021-04-06","South Dakota","SD",118680,1938,NA,163,0,NA
"2021-04-07","South Dakota","SD",118975,1938,NA,295,0,NA
"2021-04-08","South Dakota","SD",119197,1939,NA,222,1,NA
"2021-04-09","South Dakota","SD",119467,1946,NA,270,7,NA
"2021-04-10","South Dakota","SD",119705,1946,NA,238,0,NA
"2021-04-11","South Dakota","SD",119705,1946,NA,0,0,NA
"2021-04-12","South Dakota","SD",119892,1947,NA,187,1,NA
"2021-04-13","South Dakota","SD",120154,1947,NA,262,0,NA
